type,date time,latitude,longitude,accuracy(m),altitude(m),geoid_height(m),speed(m/s),bearing(deg),sat_used,sat_inview,barometric_pressure(hPa),name,desc
T,2022-04-05 17:13:51.128,45.12039333,10.08886833,5,31.360,39.640,28.850,285,,,1004.4611,,
T,2022-04-05 17:13:52.118,45.12045500,10.08851500,5,30.960,39.640,28.752,285,,,1004.4274,,
T,2022-04-05 17:13:53.117,45.12051833,10.08816333,5,30.659,39.641,28.737,285,,,1004.4035,,
T,2022-04-05 17:13:54.128,45.12058167,10.08781167,5,31.359,39.641,28.757,285,,,1004.3644,,
T,2022-04-05 17:13:55.115,45.12064500,10.08746500,5,31.558,39.642,28.675,285,,,1004.3391,,
T,2022-04-05 17:13:56.115,45.12071333,10.08711333,4,31.058,39.642,28.727,285,,,1004.3558,,
T,2022-04-05 17:13:57.131,45.12077833,10.08676167,5,31.358,39.642,28.716,285,,,1004.3621,,
T,2022-04-05 17:13:58.115,45.12084667,10.08641000,4,32.157,39.643,28.711,285,,,1004.3602,,
T,2022-04-05 17:13:59.117,45.12091167,10.08606667,4,32.757,39.643,28.737,285,,,1004.3459,,
T,2022-04-05 17:14:00.129,45.12097500,10.08571000,4,32.856,39.644,28.737,285,,,1004.3495,,
T,2022-04-05 17:14:01.116,45.12104500,10.08535833,4,32.456,39.644,28.701,285,,,1004.3590,,
T,2022-04-05 17:14:02.116,45.12111000,10.08500333,4,34.356,39.644,28.711,285,,,1004.3071,,
T,2022-04-05 17:14:03.128,45.12117833,10.08465333,4,34.655,39.645,28.727,286,,,1004.2775,,
T,2022-04-05 17:14:04.117,45.12124833,10.08430000,5,34.055,39.645,28.752,285,,,1004.2809,,
T,2022-04-05 17:14:05.116,45.12131667,10.08394667,5,34.354,39.646,28.773,285,,,1004.2713,,
T,2022-04-05 17:14:06.128,45.12138333,10.08359333,4,34.454,39.646,28.871,285,,,1004.3002,,
T,2022-04-05 17:14:07.108,45.12145500,10.08324000,5,34.754,39.646,28.835,285,,,1004.3670,,
T,2022-04-05 17:14:08.115,45.12152167,10.08288167,4,34.453,39.647,28.829,285,,,1004.3616,,
T,2022-04-05 17:14:09.135,45.12159167,10.08252667,5,34.653,39.647,28.763,285,,,1004.2833,,
T,2022-04-05 17:14:10.117,45.12165667,10.08217333,5,35.652,39.648,28.742,285,,,1004.2621,,
T,2022-04-05 17:14:11.115,45.12172000,10.08182000,5,35.452,39.648,28.763,285,,,1004.2803,,
T,2022-04-05 17:14:12.131,45.12178667,10.08146667,5,34.152,39.648,28.660,285,,,1004.3015,,
T,2022-04-05 17:14:13.115,45.12185667,10.08111167,5,34.551,39.649,28.727,285,,,1004.3133,,
T,2022-04-05 17:14:14.115,45.12192167,10.08076000,5,34.651,39.649,28.773,285,,,1004.2907,,
T,2022-04-05 17:14:15.128,45.12199333,10.08040667,5,34.551,39.649,28.665,285,,,1004.2922,,
T,2022-04-05 17:14:16.115,45.12206167,10.08005333,5,34.150,39.650,28.701,285,,,1004.3444,,
T,2022-04-05 17:14:17.116,45.12212667,10.07970333,5,34.150,39.650,28.685,285,,,1004.3734,,
T,2022-04-05 17:14:18.131,45.12219167,10.07934833,5,34.249,39.651,28.701,285,,,1004.3730,,
T,2022-04-05 17:14:19.115,45.12225500,10.07899500,5,33.049,39.651,28.685,285,,,1004.3317,,
T,2022-04-05 17:14:20.115,45.12232333,10.07863833,5,31.749,39.651,28.778,285,,,1004.3169,,
T,2022-04-05 17:14:21.128,45.12239167,10.07828167,5,32.248,39.652,28.706,285,,,1004.3377,,
T,2022-04-05 17:14:22.115,45.12246000,10.07793167,4,31.848,39.652,28.747,285,,,1004.3363,,
T,2022-04-05 17:14:23.115,45.12253000,10.07757667,5,31.347,39.653,28.819,285,,,1004.3359,,
T,2022-04-05 17:14:24.127,45.12260000,10.07722167,5,31.247,39.653,28.835,285,,,1004.3363,,
T,2022-04-05 17:14:25.115,45.12267000,10.07686833,5,31.247,39.653,28.824,285,,,1004.3543,,
T,2022-04-05 17:14:26.115,45.12273500,10.07650833,4,31.146,39.654,28.855,285,,,1004.3400,,
T,2022-04-05 17:14:27.127,45.12280333,10.07615167,4,30.246,39.654,28.752,285,,,1004.2899,,
T,2022-04-05 17:14:28.115,45.12287000,10.07580000,4,30.146,39.654,28.768,285,,,1004.2742,,
T,2022-04-05 17:14:29.116,45.12293333,10.07544500,4,30.245,39.655,28.768,285,,,1004.2985,,
T,2022-04-05 17:14:30.129,45.12300500,10.07509500,5,30.145,39.655,28.742,285,,,1004.3078,,
T,2022-04-05 17:14:31.115,45.12307333,10.07474167,4,29.444,39.656,28.742,285,,,1004.3074,,
T,2022-04-05 17:14:32.116,45.12314333,10.07438833,4,30.244,39.656,28.793,285,,,1004.2918,,
T,2022-04-05 17:14:33.129,45.12320833,10.07404167,4,30.844,39.656,28.768,285,,,1004.2995,,
T,2022-04-05 17:14:34.116,45.12327333,10.07368500,4,30.043,39.657,28.768,285,,,1004.3177,,
T,2022-04-05 17:14:35.114,45.12333333,10.07333500,4,30.443,39.657,28.793,285,,,1004.3068,,
T,2022-04-05 17:14:36.137,45.12340333,10.07298000,4,31.243,39.657,28.876,285,,,1004.2879,,
T,2022-04-05 17:14:37.115,45.12346667,10.07263500,4,31.142,39.658,28.799,285,,,1004.2982,,
T,2022-04-05 17:14:38.112,45.12353667,10.07228000,4,30.942,39.658,28.850,285,,,1004.3127,,
T,2022-04-05 17:14:39.127,45.12361000,10.07192500,5,31.141,39.659,28.907,285,,,1004.3074,,
T,2022-04-05 17:14:40.115,45.12367167,10.07157167,4,32.541,39.659,28.886,285,,,1004.3258,,
T,2022-04-05 17:14:41.115,45.12373833,10.07121500,4,33.441,39.659,28.881,285,,,1004.3446,,
T,2022-04-05 17:14:42.129,45.12380333,10.07086000,5,33.540,39.660,28.922,285,,,1004.3192,,
T,2022-04-05 17:14:43.114,45.12386167,10.07050667,5,34.040,39.660,28.901,284,,,1004.2747,,
T,2022-04-05 17:14:44.114,45.12391833,10.07015667,5,34.340,39.660,28.917,283,,,1004.2438,,
T,2022-04-05 17:14:45.128,45.12397167,10.06979833,5,35.139,39.661,28.886,281,,,1004.2435,,
T,2022-04-05 17:14:46.117,45.12401333,10.06942833,5,36.239,39.661,28.973,279,,,1004.2526,,
T,2022-04-05 17:14:47.115,45.12405167,10.06906333,5,37.339,39.661,28.973,277,,,1004.2189,,
T,2022-04-05 17:14:48.127,45.12407333,10.06870000,5,38.739,39.661,28.948,275,,,1004.2526,,
T,2022-04-05 17:14:49.114,45.12409000,10.06832667,5,38.439,39.661,28.953,273,,,1004.2997,,
T,2022-04-05 17:14:50.115,45.12410167,10.06795667,5,38.439,39.661,28.958,272,,,1004.2931,,
T,2022-04-05 17:14:51.127,45.12411000,10.06758833,4,39.539,39.661,28.937,273,,,1004.2655,,
T,2022-04-05 17:14:52.114,45.12412333,10.06721500,4,40.439,39.661,28.809,273,,,1004.2087,,
T,2022-04-05 17:14:53.114,45.12414000,10.06685333,4,41.638,39.662,28.490,273,,,1004.1613,,
T,2022-04-05 17:14:54.127,45.12415667,10.06648833,4,43.338,39.662,28.341,274,,,1004.0974,,
T,2022-04-05 17:14:55.114,45.12417667,10.06612667,4,44.738,39.662,28.058,274,,,1004.0376,,
T,2022-04-05 17:14:56.115,45.12420000,10.06577000,4,46.438,39.662,27.785,275,,,1003.9403,,
T,2022-04-05 17:14:57.127,45.12422833,10.06541500,4,46.938,39.662,27.620,278,,,1003.8721,,
T,2022-04-05 17:14:58.114,45.12427000,10.06507333,4,48.138,39.662,27.446,281,,,1003.8019,,
T,2022-04-05 17:14:59.115,45.12433167,10.06473833,4,49.537,39.663,27.106,286,,,1003.6857,,
T,2022-04-05 17:15:00.127,45.12441000,10.06441833,4,50.337,39.663,26.782,290,,,1003.6149,,
T,2022-04-05 17:15:01.115,45.12449500,10.06410333,4,51.237,39.663,26.571,291,,,1003.5467,,
T,2022-04-05 17:15:02.117,45.12458333,10.06379000,4,52.036,39.664,26.520,292,,,1003.4992,,
T,2022-04-05 17:15:03.126,45.12467833,10.06347833,4,53.336,39.664,26.262,292,,,1003.4912,,
T,2022-04-05 17:15:04.115,45.12476833,10.06316333,4,52.235,39.665,26.314,292,,,1003.5037,,
T,2022-04-05 17:15:05.114,45.12485500,10.06285667,4,50.935,39.665,26.262,292,,,1003.5006,,
T,2022-04-05 17:15:06.128,45.12494667,10.06255167,4,49.534,39.666,26.396,292,,,1003.5439,,
T,2022-04-05 17:15:07.113,45.12503833,10.06224167,4,48.134,39.666,26.273,292,,,1003.6156,,
T,2022-04-05 17:15:08.114,45.12512833,10.06193333,4,46.533,39.667,26.592,292,,,1003.7377,,
T,2022-04-05 17:15:09.125,45.12521500,10.06161667,4,45.433,39.667,26.504,292,,,1003.8537,,
T,2022-04-05 17:15:10.115,45.12530667,10.06130333,4,44.732,39.668,26.360,292,,,1003.9614,,
T,2022-04-05 17:15:11.113,45.12539667,10.06099333,4,43.832,39.668,26.051,292,,,1004.0632,,
T,2022-04-05 17:15:12.110,45.12548667,10.06068833,4,42.831,39.669,25.249,292,,,1004.1940,,
T,2022-04-05 17:15:13.114,45.12557000,10.06039833,5,42.731,39.669,23.886,293,,,1004.3060,,
T,2022-04-05 17:15:14.115,45.12564833,10.06013500,5,42.730,39.670,22.193,293,,,1004.4689,,
T,2022-04-05 17:15:15.128,45.12571833,10.05988833,4,42.030,39.670,19.693,293,,,1004.6559,,
T,2022-04-05 17:15:16.117,45.12579167,10.05968167,5,41.129,39.671,16.714,296,,,1004.7765,,
T,2022-04-05 17:15:17.114,45.12585667,10.05951000,4,41.129,39.671,13.869,300,,,1004.8763,,
T,2022-04-05 17:15:18.126,45.12592667,10.05938500,4,40.629,39.671,12.738,310,,,1004.9025,,
T,2022-04-05 17:15:19.113,45.12601167,10.05928000,4,40.028,39.672,11.580,320,,,1004.9230,,
T,2022-04-05 17:15:20.114,45.12609167,10.05919833,4,40.128,39.672,11.343,319,,,1004.9274,,
T,2022-04-05 17:15:21.129,45.12615500,10.05909833,4,38.827,39.673,10.546,305,,,1004.9209,,
T,2022-04-05 17:15:22.113,45.12618667,10.05898333,4,38.327,39.673,10.304,288,,,1004.9205,,
T,2022-04-05 17:15:23.115,45.12619667,10.05885333,4,37.227,39.673,10.387,271,,,1004.9266,,
T,2022-04-05 17:15:24.126,45.12618333,10.05872000,4,37.027,39.673,10.808,260,,,1004.9137,,
T,2022-04-05 17:15:25.114,45.12616333,10.05858667,4,37.227,39.673,11.431,263,,,1004.9032,,
T,2022-04-05 17:15:26.113,45.12616667,10.05843667,4,36.227,39.673,11.657,271,,,1004.9025,,
T,2022-04-05 17:15:27.139,45.12617667,10.05828167,4,34.727,39.673,12.460,282,,,1004.8890,,
T,2022-04-05 17:15:28.114,45.12620500,10.05812500,4,34.127,39.673,13.041,286,,,1004.8750,,
T,2022-04-05 17:15:29.114,45.12624167,10.05796833,4,33.827,39.673,13.679,289,,,1004.8763,,
T,2022-04-05 17:15:30.124,45.12628000,10.05780667,4,33.227,39.673,13.823,290,,,1004.8652,,
T,2022-04-05 17:15:31.114,45.12631833,10.05763667,4,32.827,39.673,14.492,290,,,1004.8519,,
T,2022-04-05 17:15:32.113,45.12636167,10.05746167,4,32.826,39.674,15.063,289,,,1004.8314,,
T,2022-04-05 17:15:33.127,45.12641333,10.05727833,4,32.226,39.674,15.572,290,,,1004.8011,,
T,2022-04-05 17:15:34.113,45.12645500,10.05709500,5,31.526,39.674,15.901,289,,,1004.7738,,
T,2022-04-05 17:15:35.113,45.12650500,10.05690000,5,31.326,39.674,16.467,288,,,1004.7697,,
T,2022-04-05 17:15:36.126,45.12655000,10.05670167,4,31.225,39.675,16.920,287,,,1004.7591,,
T,2022-04-05 17:15:37.113,45.12659167,10.05650000,5,31.325,39.675,17.321,287,,,1004.7331,,
T,2022-04-05 17:15:38.114,45.12663333,10.05628667,5,31.125,39.675,17.651,286,,,1004.7357,,
T,2022-04-05 17:15:39.127,45.12667333,10.05606833,5,31.125,39.675,17.764,286,,,1004.7305,,
T,2022-04-05 17:15:40.113,45.12671833,10.05586667,4,31.224,39.676,17.609,286,,,1004.7158,,
T,2022-04-05 17:15:41.114,45.12676333,10.05565500,4,30.624,39.676,17.687,285,,,1004.7119,,
T,2022-04-05 17:15:42.129,45.12680667,10.05543667,4,30.324,39.676,18.139,287,,,1004.7101,,
T,2022-04-05 17:15:43.114,45.12685333,10.05521667,4,30.024,39.676,17.990,286,,,1004.7151,,
T,2022-04-05 17:15:44.113,45.12689667,10.05500167,4,29.924,39.676,17.687,285,,,1004.7313,,
T,2022-04-05 17:15:45.125,45.12693167,10.05478833,4,28.823,39.677,17.440,287,,,1004.7219,,
T,2022-04-05 17:15:46.113,45.12697333,10.05458167,4,27.923,39.677,17.013,289,,,1004.7233,,
T,2022-04-05 17:15:47.115,45.12702500,10.05437500,5,27.823,39.677,16.555,290,,,1004.7454,,
T,2022-04-05 17:15:48.126,45.12707833,10.05418167,4,27.423,39.677,16.375,291,,,1004.7698,,
T,2022-04-05 17:15:49.113,45.12713667,10.05399000,4,26.522,39.678,16.164,293,,,1004.7740,,
T,2022-04-05 17:15:50.113,45.12719833,10.05380333,4,26.222,39.678,15.490,295,,,1004.7657,,
T,2022-04-05 17:15:51.127,45.12726500,10.05362500,4,27.022,39.678,15.850,298,,,1004.7803,,
T,2022-04-05 17:15:52.105,45.12733333,10.05345500,4,26.921,39.679,15.629,299,,,1004.7914,,
T,2022-04-05 17:15:53.113,45.12740333,10.05328667,4,26.821,39.679,15.670,302,,,1004.7938,,
T,2022-04-05 17:15:54.125,45.12748333,10.05311500,4,27.820,39.680,15.593,302,,,1004.7933,,
T,2022-04-05 17:15:55.114,45.12755667,10.05295000,4,27.720,39.680,15.341,301,,,1004.7670,,
T,2022-04-05 17:15:56.113,45.12762500,10.05278667,5,27.320,39.680,15.300,301,,,1004.7509,,
T,2022-04-05 17:15:57.125,45.12769667,10.05262167,4,27.019,39.681,15.181,300,,,1004.7435,,
T,2022-04-05 17:15:58.114,45.12777000,10.05246000,4,27.319,39.681,15.197,302,,,1004.7296,,
T,2022-04-05 17:15:59.114,45.12785333,10.05229833,4,27.918,39.682,15.073,302,,,1004.7411,,
T,2022-04-05 17:16:00.112,45.12793000,10.05213667,4,29.518,39.682,14.837,302,,,1004.7773,,
T,2022-04-05 17:16:01.113,45.12799667,10.05197500,4,30.018,39.682,14.260,303,,,1004.8051,,
T,2022-04-05 17:16:02.113,45.12806667,10.05182167,5,30.317,39.683,13.370,303,,,1004.8109,,
T,2022-04-05 17:16:03.126,45.12813333,10.05168667,5,30.417,39.683,12.393,304,,,1004.8307,,
T,2022-04-05 17:16:04.113,45.12819833,10.05155667,5,30.317,39.683,11.673,306,,,1004.8582,,
T,2022-04-05 17:16:05.113,45.12826000,10.05144500,5,30.516,39.684,11.343,314,,,1004.8656,,
T,2022-04-05 17:16:06.125,45.12833667,10.05134500,5,32.716,39.684,10.443,324,,,1004.8555,,
T,2022-04-05 17:16:07.114,45.12841667,10.05129167,5,32.715,39.685,9.461,337,,,1004.8547,,
T,2022-04-05 17:16:08.113,45.12849333,10.05124500,5,33.115,39.685,9.481,334,,,1004.8668,,
T,2022-04-05 17:16:09.126,45.12856833,10.05118000,4,34.315,39.685,8.915,320,,,1004.8797,,
T,2022-04-05 17:16:10.113,45.12861333,10.05109667,4,35.114,39.686,8.401,299,,,1004.8788,,
T,2022-04-05 17:16:11.113,45.12862833,10.05099000,5,35.914,39.686,8.704,275,,,1004.8613,,
T,2022-04-05 17:16:12.126,45.12862000,10.05087333,4,36.214,39.686,9.759,265,,,1004.8301,,
T,2022-04-05 17:16:13.113,45.12861667,10.05074000,5,37.214,39.686,10.320,273,,,1004.8057,,
T,2022-04-05 17:16:14.113,45.12862500,10.05060500,5,37.114,39.686,10.829,279,,,1004.8104,,
T,2022-04-05 17:16:15.127,45.12864667,10.05047333,5,37.014,39.686,11.169,288,,,1004.8102,,
T,2022-04-05 17:16:16.113,45.12868333,10.05033167,4,37.314,39.686,11.812,293,,,1004.8037,,
T,2022-04-05 17:16:17.113,45.12873333,10.05018833,5,38.114,39.686,11.976,294,,,1004.7924,,
T,2022-04-05 17:16:18.137,45.12878833,10.05004667,5,38.614,39.686,12.614,302,,,1004.7834,,
T,2022-04-05 17:16:19.112,45.12884667,10.04990833,4,39.213,39.687,12.558,302,,,1004.7678,,
T,2022-04-05 17:16:20.115,45.12891333,10.04977333,5,39.613,39.687,12.480,304,,,1004.7772,,
T,2022-04-05 17:16:21.124,45.12897500,10.04964333,4,39.613,39.687,12.038,303,,,1004.8000,,
T,2022-04-05 17:16:22.115,45.12903333,10.04951667,4,39.712,39.688,11.884,303,,,1004.8004,,
T,2022-04-05 17:16:23.116,45.12908667,10.04939000,4,39.812,39.688,11.102,301,,,1004.8131,,
T,2022-04-05 17:16:24.131,45.12913500,10.04926667,4,40.112,39.688,11.230,299,,,1004.8389,,
T,2022-04-05 17:16:25.112,45.12918000,10.04913667,4,40.211,39.689,11.066,302,,,1004.8552,,
T,2022-04-05 17:16:26.117,45.12923333,10.04902000,4,40.211,39.689,10.510,305,,,1004.8792,,
T,2022-04-05 17:16:27.127,45.12927500,10.04891833,4,40.111,39.689,9.790,304,,,1004.8729,,
T,2022-04-05 17:16:28.114,45.12932500,10.04881167,4,40.611,39.689,10.227,305,,,1004.8534,,
T,2022-04-05 17:16:29.113,45.12937833,10.04870333,4,40.510,39.690,9.795,305,,,1004.8522,,
T,2022-04-05 17:16:30.128,45.12942500,10.04859000,4,40.610,39.690,9.913,303,,,1004.8654,,
T,2022-04-05 17:16:31.113,45.12947167,10.04848833,4,40.610,39.690,9.682,302,,,1004.8671,,
T,2022-04-05 17:16:32.113,45.12950667,10.04839167,4,40.710,39.690,7.917,300,,,1004.8823,,
T,2022-04-05 17:16:33.126,45.12953167,10.04832333,4,41.010,39.690,5.252,295,,,1004.9300,,
T,2022-04-05 17:16:34.112,45.12955500,10.04827000,4,41.209,39.691,4.342,308,,,1004.9598,,
T,2022-04-05 17:16:35.113,45.12956000,10.04824000,4,41.609,39.691,2.289,299,,,1004.9629,,
T,2022-04-05 17:16:36.128,45.12957833,10.04821667,4,41.709,39.691,1.137,307,,,1004.9467,,
T,2022-04-05 17:16:37.112,45.12959167,10.04820667,4,42.409,39.691,0.031,307,,,1004.9290,,
T,2022-04-05 17:16:38.113,45.12960167,10.04820000,4,43.709,39.691,0.005,307,,,1004.9198,,
T,2022-04-05 17:16:39.125,45.12961500,10.04819333,4,44.809,39.691,0.005,307,,,1004.9212,,
T,2022-04-05 17:16:40.114,45.12963167,10.04818333,4,45.709,39.691,0.005,307,,,1004.9047,,
T,2022-04-05 17:16:41.105,45.12963167,10.04818333,4,45.809,39.691,0.005,307,,,1004.8859,,
T,2022-04-05 17:16:42.135,45.12963333,10.04818333,4,45.809,39.691,0.005,307,,,1004.8771,,
T,2022-04-05 17:16:43.107,45.12963333,10.04818167,4,45.909,39.691,0.005,307,,,1004.8713,,
T,2022-04-05 17:16:44.107,45.12963333,10.04818167,4,46.009,39.691,0.005,307,,,1004.8914,,
T,2022-04-05 17:16:45.109,45.12963333,10.04818167,4,46.009,39.691,0.005,307,,,1004.8981,,
T,2022-04-05 17:16:46.106,45.12963333,10.04818000,4,46.109,39.691,0.005,307,,,1004.9051,,
T,2022-04-05 17:16:47.114,45.12963333,10.04818000,4,46.109,39.691,0.000,,,,1004.9025,,
T,2022-04-05 17:16:48.125,45.12963333,10.04818000,4,46.209,39.691,0.000,,,,1004.8817,,
T,2022-04-05 17:16:49.108,45.12963333,10.04818000,4,46.209,39.691,0.000,,,,1004.8596,,
T,2022-04-05 17:16:50.107,45.12963333,10.04818000,4,46.209,39.691,0.000,,,,1004.8481,,
T,2022-04-05 17:16:51.116,45.12963333,10.04818000,4,46.309,39.691,0.005,307,,,1004.8441,,
T,2022-04-05 17:16:52.114,45.12963333,10.04818000,4,46.309,39.691,0.005,307,,,1004.8572,,
T,2022-04-05 17:16:53.114,45.12963333,10.04818000,4,46.309,39.691,0.005,307,,,1004.8571,,
T,2022-04-05 17:16:54.124,45.12963333,10.04818000,4,46.309,39.691,0.005,307,,,1004.8480,,
T,2022-04-05 17:16:55.113,45.12963333,10.04818167,4,46.309,39.691,0.005,307,,,1004.8602,,
T,2022-04-05 17:16:56.114,45.12963167,10.04818167,4,46.309,39.691,0.005,307,,,1004.8529,,
T,2022-04-05 17:16:57.125,45.12963167,10.04818167,4,46.409,39.691,0.005,307,,,1004.8278,,
T,2022-04-05 17:16:58.103,45.12963167,10.04818167,4,46.409,39.691,0.005,307,,,1004.8416,,
T,2022-04-05 17:16:59.103,45.12963167,10.04818167,5,46.409,39.691,0.005,307,,,1004.8455,,
T,2022-04-05 17:17:00.110,45.12963167,10.04818333,5,46.409,39.691,0.010,307,,,1004.8641,,
T,2022-04-05 17:17:01.113,45.12963000,10.04818333,5,46.409,39.691,0.010,307,,,1004.8623,,
T,2022-04-05 17:17:02.112,45.12963000,10.04818333,5,46.409,39.691,0.010,307,,,1004.8592,,
T,2022-04-05 17:17:03.124,45.12963000,10.04818333,5,46.409,39.691,0.010,307,,,1004.8662,,
T,2022-04-05 17:17:04.114,45.12963000,10.04818333,5,46.409,39.691,0.010,307,,,1004.8737,,
T,2022-04-05 17:17:05.119,45.12962833,10.04818333,5,46.509,39.691,0.010,307,,,1004.8789,,
T,2022-04-05 17:17:06.129,45.12962833,10.04818500,5,46.509,39.691,0.010,307,,,1004.8916,,
T,2022-04-05 17:17:07.110,45.12962833,10.04818500,5,46.509,39.691,0.010,307,,,1004.9005,,
T,2022-04-05 17:17:08.113,45.12962833,10.04818500,5,46.509,39.691,0.010,307,,,1004.8853,,
T,2022-04-05 17:17:09.125,45.12962667,10.04818667,5,46.509,39.691,0.010,307,,,1004.8651,,
T,2022-04-05 17:17:10.112,45.12962833,10.04818500,4,46.509,39.691,1.188,307,,,1004.8405,,
T,2022-04-05 17:17:11.114,45.12963667,10.04817167,5,46.809,39.691,3.004,307,,,1004.8231,,
T,2022-04-05 17:17:12.124,45.12963000,10.04813333,7,47.509,39.691,3.663,300,,,1004.8517,,
T,2022-04-05 17:17:13.111,45.12964500,10.04809667,5,47.809,39.691,4.455,301,,,1004.8773,,
T,2022-04-05 17:17:14.111,45.12966333,10.04804667,5,47.909,39.691,5.618,302,,,1004.8621,,
T,2022-04-05 17:17:15.123,45.12970333,10.04799667,5,47.009,39.691,5.597,301,,,1004.8502,,
T,2022-04-05 17:17:16.112,45.12972500,10.04793500,5,46.509,39.691,6.780,300,,,1004.8378,,
T,2022-04-05 17:17:17.112,45.12976333,10.04785833,5,45.808,39.692,7.989,302,,,1004.8165,,
T,2022-04-05 17:17:18.117,45.12980167,10.04777167,5,45.908,39.692,8.771,302,,,1004.8291,,
T,2022-04-05 17:17:19.112,45.12983833,10.04767667,5,45.808,39.692,9.028,301,,,1004.8420,,
T,2022-04-05 17:17:20.112,45.12987833,10.04757333,9,45.808,39.692,9.759,301,,,1004.8214,,
T,2022-04-05 17:17:21.125,45.12992500,10.04747000,5,45.408,39.692,10.165,305,,,1004.7780,,
T,2022-04-05 17:17:22.111,45.12997833,10.04735833,5,45.107,39.693,10.644,301,,,1004.7609,,
T,2022-04-05 17:17:23.112,45.13003000,10.04724000,4,44.607,39.693,10.973,301,,,1004.7574,,
T,2022-04-05 17:17:24.124,45.13008000,10.04712000,4,44.807,39.693,11.055,300,,,1004.7393,,
T,2022-04-05 17:17:25.111,45.13012667,10.04699333,4,44.906,39.694,11.246,300,,,1004.7355,,
T,2022-04-05 17:17:26.112,45.13019000,10.04686667,5,44.206,39.694,11.251,301,,,1004.7547,,
T,2022-04-05 17:17:27.126,45.13023833,10.04674500,4,44.106,39.694,11.472,301,,,1004.7666,,
T,2022-04-05 17:17:28.111,45.13029333,10.04661833,5,44.206,39.694,11.611,301,,,1004.7596,,
T,2022-04-05 17:17:29.112,45.13035167,10.04649167,5,43.605,39.695,11.688,301,,,1004.7609,,
T,2022-04-05 17:17:30.123,45.13040333,10.04636667,4,43.205,39.695,11.307,301,,,1004.7578,,
T,2022-04-05 17:17:31.111,45.13045667,10.04624333,5,42.905,39.695,11.518,302,,,1004.7490,,
T,2022-04-05 17:17:32.112,45.13051667,10.04611833,5,42.704,39.696,11.554,303,,,1004.7504,,
T,2022-04-05 17:17:33.123,45.13057333,10.04598833,5,42.304,39.696,11.539,303,,,1004.7567,,
T,2022-04-05 17:17:34.112,45.13063167,10.04587000,4,41.904,39.696,11.076,302,,,1004.7612,,
T,2022-04-05 17:17:35.111,45.13068000,10.04574500,5,42.104,39.696,11.503,303,,,1004.7686,,
T,2022-04-05 17:17:36.126,45.13073833,10.04562333,5,42.103,39.697,11.282,304,,,1004.7767,,
T,2022-04-05 17:17:37.111,45.13079667,10.04551333,4,42.003,39.697,10.834,305,,,1004.7677,,
T,2022-04-05 17:17:38.111,45.13085167,10.04541000,5,42.303,39.697,10.505,303,,,1004.7739,,
T,2022-04-05 17:17:39.124,45.13090333,10.04529500,5,42.602,39.698,10.325,303,,,1004.8051,,
T,2022-04-05 17:17:40.113,45.13095500,10.04518667,7,42.702,39.698,9.630,304,,,1004.8179,,
T,2022-04-05 17:17:41.112,45.13101833,10.04508333,5,43.702,39.698,9.296,308,,,1004.8143,,
T,2022-04-05 17:17:42.124,45.13106000,10.04500500,4,44.102,39.698,7.516,308,,,1004.8427,,
T,2022-04-05 17:17:43.113,45.13109500,10.04493667,4,43.801,39.699,5.386,306,,,1004.8822,,
T,2022-04-05 17:17:44.111,45.13111833,10.04488500,5,44.501,39.699,3.879,306,,,1004.9089,,
T,2022-04-05 17:17:45.128,45.13113167,10.04485667,5,45.101,39.699,2.320,307,,,1004.9171,,
T,2022-04-05 17:17:46.114,45.13114333,10.04485000,5,45.501,39.699,0.098,307,,,1004.9214,,
T,2022-04-05 17:17:47.103,45.13115000,10.04484333,4,45.801,39.699,0.031,307,,,1004.9121,,
T,2022-04-05 17:17:48.124,45.13114833,10.04484167,4,45.901,39.699,0.010,307,,,1004.9082,,
T,2022-04-05 17:17:49.111,45.13114833,10.04485333,5,46.401,39.699,0.005,307,,,1004.9055,,
T,2022-04-05 17:17:50.112,45.13114833,10.04485333,5,46.501,39.699,0.000,,,,1004.8951,,
T,2022-04-05 17:17:51.123,45.13114833,10.04485333,5,46.501,39.699,0.000,,,,1004.8973,,
T,2022-04-05 17:17:52.111,45.13114833,10.04485333,5,46.601,39.699,0.000,,,,1004.8943,,
T,2022-04-05 17:17:53.111,45.13114833,10.04485333,5,46.601,39.699,0.000,,,,1004.9129,,
T,2022-04-05 17:17:54.124,45.13114833,10.04485333,5,46.601,39.699,0.000,,,,1004.9244,,
T,2022-04-05 17:17:55.111,45.13114833,10.04485333,5,46.701,39.699,0.005,307,,,1004.9264,,
T,2022-04-05 17:17:56.111,45.13114833,10.04485333,5,46.701,39.699,0.000,,,,1004.9287,,
T,2022-04-05 17:17:57.125,45.13114667,10.04485333,5,46.701,39.699,0.005,307,,,1004.9149,,
T,2022-04-05 17:17:58.113,45.13114667,10.04485500,5,46.701,39.699,0.005,307,,,1004.9022,,
T,2022-04-05 17:17:59.111,45.13114667,10.04485500,5,46.801,39.699,0.005,307,,,1004.9100,,
T,2022-04-05 17:18:00.114,45.13114667,10.04485500,5,46.801,39.699,0.000,,,,1004.9209,,
T,2022-04-05 17:18:01.103,45.13114667,10.04485500,5,46.801,39.699,0.005,307,,,1004.9149,,
T,2022-04-05 17:18:02.112,45.13114667,10.04485333,5,46.801,39.699,0.005,307,,,1004.8888,,
T,2022-04-05 17:18:03.125,45.13114667,10.04485333,5,46.901,39.699,0.005,307,,,1004.8878,,
T,2022-04-05 17:18:04.111,45.13114667,10.04485333,5,46.901,39.699,0.000,,,,1004.8957,,
T,2022-04-05 17:18:05.111,45.13114667,10.04485333,5,46.901,39.699,0.005,307,,,1004.8866,,
T,2022-04-05 17:18:06.127,45.13114667,10.04485333,5,46.901,39.699,0.000,,,,1004.8806,,
T,2022-04-05 17:18:07.111,45.13114667,10.04485333,5,46.901,39.699,0.005,307,,,1004.8672,,
T,2022-04-05 17:18:08.111,45.13114667,10.04485333,5,47.001,39.699,0.453,307,,,1004.8551,,
T,2022-04-05 17:18:09.129,45.13115000,10.04485000,5,47.001,39.699,1.101,289,,,1004.8452,,
T,2022-04-05 17:18:10.111,45.13115500,10.04483167,5,47.101,39.699,1.507,288,,,1004.8494,,
T,2022-04-05 17:18:11.111,45.13117000,10.04480167,5,46.801,39.699,3.642,298,,,1004.8588,,
T,2022-04-05 17:18:12.109,45.13119000,10.04474333,5,46.301,39.699,4.260,297,,,1004.8703,,
T,2022-04-05 17:18:13.111,45.13121333,10.04469000,5,46.201,39.699,5.494,297,,,1004.8599,,
T,2022-04-05 17:18:14.112,45.13124500,10.04462000,4,46.001,39.699,7.125,300,,,1004.8256,,
T,2022-04-05 17:18:15.123,45.13128500,10.04453167,5,45.700,39.700,8.602,302,,,1004.8244,,
T,2022-04-05 17:18:16.111,45.13131167,10.04443667,4,45.000,39.700,8.761,302,,,1004.8325,,
T,2022-04-05 17:18:17.111,45.13134500,10.04434000,5,44.700,39.700,9.553,303,,,1004.8022,,
T,2022-04-05 17:18:18.124,45.13139333,10.04424000,5,44.400,39.700,10.207,304,,,1004.7852,,
T,2022-04-05 17:18:19.111,45.13144500,10.04412833,5,43.900,39.700,10.454,304,,,1004.7869,,
T,2022-04-05 17:18:20.112,45.13149500,10.04401500,5,43.499,39.701,11.009,303,,,1004.7985,,
T,2022-04-05 17:18:21.122,45.13155000,10.04389500,5,42.999,39.701,11.374,301,,,1004.7809,,
T,2022-04-05 17:18:22.111,45.13160667,10.04376500,5,42.399,39.701,11.590,301,,,1004.7650,,
T,2022-04-05 17:18:23.111,45.13166667,10.04364333,5,41.698,39.702,11.858,302,,,1004.7728,,
T,2022-04-05 17:18:24.122,45.13172500,10.04351167,5,41.298,39.702,11.626,302,,,1004.8065,,
T,2022-04-05 17:18:25.110,45.13178333,10.04338167,5,40.798,39.702,11.719,303,,,1004.8375,,
T,2022-04-05 17:18:26.111,45.13184167,10.04325500,5,40.598,39.702,11.611,303,,,1004.8466,,
T,2022-04-05 17:18:27.121,45.13191000,10.04312667,4,40.397,39.703,11.930,303,,,1004.8425,,
T,2022-04-05 17:18:28.110,45.13196500,10.04300000,5,39.797,39.703,11.884,303,,,1004.8346,,
T,2022-04-05 17:18:29.111,45.13202833,10.04286667,4,39.897,39.703,11.776,304,,,1004.8473,,
T,2022-04-05 17:18:30.123,45.13209000,10.04274000,5,39.896,39.704,11.616,305,,,1004.8641,,
T,2022-04-05 17:18:31.113,45.13215667,10.04260667,4,40.396,39.704,11.724,302,,,1004.8838,,
T,2022-04-05 17:18:32.112,45.13221333,10.04247667,4,40.196,39.704,11.909,301,,,1004.8867,,
T,2022-04-05 17:18:33.124,45.13227167,10.04234333,4,39.895,39.705,11.879,304,,,1004.8992,,
T,2022-04-05 17:18:34.111,45.13232333,10.04222000,5,40.195,39.705,11.534,302,,,1004.9141,,
T,2022-04-05 17:18:35.110,45.13236667,10.04209500,5,40.695,39.705,11.143,301,,,1004.9144,,
T,2022-04-05 17:18:36.118,45.13242000,10.04197000,4,40.295,39.705,11.431,300,,,1004.9077,,
T,2022-04-05 17:18:37.110,45.13247500,10.04184500,4,40.294,39.706,11.734,301,,,1004.9261,,
T,2022-04-05 17:18:38.111,45.13253167,10.04171833,4,39.794,39.706,11.786,301,,,1004.9398,,
T,2022-04-05 17:18:39.123,45.13259167,10.04157500,4,39.494,39.706,12.131,300,,,1004.9498,,
T,2022-04-05 17:18:40.112,45.13265333,10.04144000,5,39.293,39.707,12.161,302,,,1004.9733,,
T,2022-04-05 17:18:41.111,45.13271000,10.04131000,5,39.093,39.707,12.161,302,,,1004.9841,,
T,2022-04-05 17:18:42.125,45.13277167,10.04118833,5,38.393,39.707,12.408,303,,,1004.9932,,
T,2022-04-05 17:18:43.113,45.13282833,10.04105500,5,38.593,39.707,12.125,302,,,1004.9869,,
T,2022-04-05 17:18:44.113,45.13288167,10.04092667,5,38.592,39.708,11.590,301,,,1004.9924,,
T,2022-04-05 17:18:45.123,45.13294667,10.04079667,4,39.692,39.708,11.184,303,,,1005.0106,,
T,2022-04-05 17:18:46.111,45.13300500,10.04068167,4,39.492,39.708,10.798,302,,,1005.0330,,
T,2022-04-05 17:18:47.111,45.13305500,10.04056333,5,39.491,39.709,11.169,301,,,1005.0408,,
T,2022-04-05 17:18:48.126,45.13311000,10.04044000,5,39.091,39.709,10.911,302,,,1005.0480,,
T,2022-04-05 17:18:49.113,45.13317167,10.04032667,5,38.691,39.709,10.891,304,,,1005.0449,,
T,2022-04-05 17:18:50.111,45.13322833,10.04020833,5,39.590,39.710,10.299,302,,,1005.0238,,
T,2022-04-05 17:18:51.127,45.13328000,10.04009667,5,39.090,39.710,10.309,302,,,1005.0205,,
T,2022-04-05 17:18:52.110,45.13332833,10.03998500,4,39.190,39.710,10.068,302,,,1005.0399,,
T,2022-04-05 17:18:53.110,45.13338833,10.03987500,5,38.490,39.710,10.891,305,,,1005.0537,,
T,2022-04-05 17:18:54.123,45.13344167,10.03976000,4,38.089,39.711,10.279,304,,,1005.0500,,
T,2022-04-05 17:18:55.112,45.13349667,10.03964833,5,38.389,39.711,10.603,304,,,1005.0347,,
T,2022-04-05 17:18:56.111,45.13354833,10.03953667,4,38.089,39.711,10.428,302,,,1005.0285,,
T,2022-04-05 17:18:57.124,45.13360167,10.03941667,4,37.989,39.711,11.138,302,,,1005.0172,,
T,2022-04-05 17:18:58.111,45.13365000,10.03929000,5,37.388,39.712,11.565,302,,,1005.0041,,
T,2022-04-05 17:18:59.111,45.13371000,10.03917333,5,37.188,39.712,11.935,301,,,1005.0119,,
T,2022-04-05 17:19:00.108,45.13376500,10.03904333,5,37.088,39.712,11.431,299,,,1005.0241,,
T,2022-04-05 17:19:01.110,45.13382333,10.03891833,4,36.787,39.713,11.215,302,,,1005.0375,,
T,2022-04-05 17:19:02.111,45.13387667,10.03879000,4,36.287,39.713,11.169,300,,,1005.0510,,
T,2022-04-05 17:19:03.123,45.13392167,10.03867333,4,36.487,39.713,10.371,299,,,1005.0809,,
T,2022-04-05 17:19:04.104,45.13397333,10.03856167,5,36.487,39.713,9.929,303,,,1005.0965,,
T,2022-04-05 17:19:05.112,45.13402167,10.03845500,5,35.986,39.714,9.682,303,,,1005.0910,,
T,2022-04-05 17:19:06.135,45.13406833,10.03835167,4,35.786,39.714,9.173,302,,,1005.0919,,
T,2022-04-05 17:19:07.107,45.13411167,10.03825667,4,35.586,39.714,8.555,302,,,1005.1097,,
T,2022-04-05 17:19:08.112,45.13414833,10.03817333,4,35.386,39.714,7.274,304,,,1005.1472,,
T,2022-04-05 17:19:09.122,45.13418000,10.03811833,4,35.286,39.714,4.923,309,,,1005.1516,,
T,2022-04-05 17:19:10.110,45.13420333,10.03807833,4,34.886,39.714,3.735,306,,,1005.1424,,
T,2022-04-05 17:19:11.101,45.13421167,10.03805833,4,34.485,39.715,2.207,299,,,1005.1597,,
T,2022-04-05 17:19:12.106,45.13422000,10.03804000,4,34.185,39.715,1.199,300,,,1005.1486,,
T,2022-04-05 17:19:13.101,45.13421833,10.03802333,6,33.885,39.715,0.046,300,,,1005.1298,,
T,2022-04-05 17:19:14.101,45.13424500,10.03804000,5,33.685,39.715,0.031,300,,,1005.1178,,
T,2022-04-05 17:19:15.106,45.13423833,10.03803333,5,34.185,39.715,0.015,300,,,1005.1227,,
T,2022-04-05 17:19:16.102,45.13423333,10.03802833,4,34.585,39.715,0.010,300,,,1005.1284,,
T,2022-04-05 17:19:17.102,45.13423333,10.03802833,5,34.485,39.715,0.005,300,,,1005.1213,,
T,2022-04-05 17:19:18.120,45.13423167,10.03802833,5,34.285,39.715,0.005,300,,,1005.1105,,
T,2022-04-05 17:19:19.119,45.13423167,10.03802833,4,34.285,39.715,0.005,300,,,1005.1161,,
T,2022-04-05 17:19:20.104,45.13423167,10.03803000,4,34.185,39.715,0.000,,,,1005.1324,,
T,2022-04-05 17:19:21.112,45.13423167,10.03803000,4,34.185,39.715,0.000,,,,1005.1201,,
T,2022-04-05 17:19:22.103,45.13423167,10.03803000,4,34.185,39.715,0.005,300,,,1005.1063,,
T,2022-04-05 17:19:23.105,45.13423167,10.03803000,4,34.185,39.715,0.005,300,,,1005.1075,,
T,2022-04-05 17:19:24.138,45.13423167,10.03803000,5,34.185,39.715,0.005,300,,,1005.1209,,
T,2022-04-05 17:19:25.104,45.13423167,10.03803000,5,34.185,39.715,0.813,300,,,1005.1203,,
T,2022-04-05 17:19:26.112,45.13423167,10.03802000,5,34.185,39.715,1.595,280,,,1005.1180,,
T,2022-04-05 17:19:27.124,45.13424000,10.03799000,5,34.485,39.715,3.025,284,,,1005.1291,,
T,2022-04-05 17:19:28.110,45.13425333,10.03794167,5,34.585,39.715,3.889,287,,,1005.1219,,
T,2022-04-05 17:19:29.110,45.13427000,10.03788500,4,34.785,39.715,4.362,291,,,1005.1086,,
T,2022-04-05 17:19:30.111,45.13429333,10.03782667,4,34.685,39.715,5.371,303,,,1005.1053,,
T,2022-04-05 17:19:31.103,45.13432833,10.03776833,5,34.285,39.715,6.158,302,,,1005.1047,,
T,2022-04-05 17:19:32.102,45.13436833,10.03770500,5,34.485,39.715,6.626,304,,,1005.0856,,
T,2022-04-05 17:19:33.106,45.13441167,10.03764000,5,33.984,39.716,6.580,304,,,1005.0800,,
T,2022-04-05 17:19:34.111,45.13444000,10.03756333,5,34.784,39.716,6.832,304,,,1005.0869,,
T,2022-04-05 17:19:35.113,45.13447500,10.03749000,5,35.184,39.716,7.099,302,,,1005.0588,,
T,2022-04-05 17:19:36.125,45.13451500,10.03740000,5,34.884,39.716,8.077,303,,,1005.0252,,
T,2022-04-05 17:19:37.110,45.13455000,10.03731000,5,34.484,39.716,8.545,305,,,1004.9982,,
T,2022-04-05 17:19:38.112,45.13459667,10.03721500,5,34.984,39.716,9.250,305,,,1004.9695,,
T,2022-04-05 17:19:39.125,45.13464500,10.03711000,5,34.683,39.717,9.538,306,,,1004.9437,,
T,2022-04-05 17:19:40.102,45.13469667,10.03700333,5,34.483,39.717,9.934,305,,,1004.9576,,
T,2022-04-05 17:19:41.114,45.13474833,10.03689333,5,34.383,39.717,10.397,304,,,1004.9627,,
T,2022-04-05 17:19:42.122,45.13480167,10.03677333,4,34.183,39.717,11.081,305,,,1004.9308,,
T,2022-04-05 17:19:43.110,45.13486000,10.03664833,4,33.882,39.718,11.467,305,,,1004.8723,,
T,2022-04-05 17:19:44.111,45.13491000,10.03652333,5,34.582,39.718,11.734,305,,,1004.8433,,
T,2022-04-05 17:19:45.123,45.13499000,10.03640500,5,33.482,39.718,11.935,307,,,1004.8384,,
T,2022-04-05 17:19:46.110,45.13505833,10.03628167,5,32.881,39.719,11.915,305,,,1004.8175,,
T,2022-04-05 17:19:47.110,45.13511833,10.03615667,4,33.081,39.719,11.945,305,,,1004.7863,,
T,2022-04-05 17:19:48.124,45.13517833,10.03603000,4,33.081,39.719,11.806,305,,,1004.7502,,
T,2022-04-05 17:19:49.110,45.13524333,10.03590000,4,32.780,39.720,12.182,304,,,1004.7350,,
T,2022-04-05 17:19:50.109,45.13530833,10.03577333,4,32.780,39.720,12.167,305,,,1004.7246,,
T,2022-04-05 17:19:51.123,45.13537500,10.03564000,5,32.480,39.720,12.167,306,,,1004.7145,,
T,2022-04-05 17:19:52.111,45.13544000,10.03551500,5,32.179,39.721,12.306,305,,,1004.7108,,
T,2022-04-05 17:19:53.110,45.13550167,10.03538667,4,32.379,39.721,12.311,307,,,1004.6935,,
T,2022-04-05 17:19:54.123,45.13556833,10.03525833,4,32.779,39.721,12.275,306,,,1004.6998,,
T,2022-04-05 17:19:55.111,45.13563667,10.03512833,4,32.878,39.722,12.280,306,,,1004.7000,,
T,2022-04-05 17:19:56.110,45.13570833,10.03500333,5,33.178,39.722,12.460,306,,,1004.6831,,
T,2022-04-05 17:19:57.124,45.13577333,10.03488000,4,33.678,39.722,12.105,307,,,1004.6520,,
T,2022-04-05 17:19:58.110,45.13583833,10.03475333,4,33.977,39.723,11.843,305,,,1004.6333,,
T,2022-04-05 17:19:59.110,45.13591333,10.03463000,4,35.277,39.723,11.565,306,,,1004.6290,,
T,2022-04-05 17:20:00.111,45.13597500,10.03452333,5,36.077,39.723,11.091,307,,,1004.6115,,
T,2022-04-05 17:20:01.110,45.13603667,10.03441167,4,36.476,39.724,10.572,307,,,1004.6379,,
T,2022-04-05 17:20:02.110,45.13608833,10.03430833,4,36.876,39.724,10.273,306,,,1004.6469,,
T,2022-04-05 17:20:03.124,45.13612667,10.03420000,5,38.776,39.724,10.155,306,,,1004.6247,,
T,2022-04-05 17:20:04.110,45.13617667,10.03409333,5,38.976,39.724,10.237,305,,,1004.6110,,
T,2022-04-05 17:20:05.111,45.13620833,10.03398333,5,40.475,39.725,10.263,305,,,1004.5844,,
T,2022-04-05 17:20:06.123,45.13624000,10.03386833,5,42.175,39.725,10.289,305,,,1004.5748,,
T,2022-04-05 17:20:07.110,45.13628833,10.03375667,4,42.975,39.725,10.464,305,,,1004.5707,,
T,2022-04-05 17:20:08.110,45.13634167,10.03365000,4,43.475,39.725,10.695,305,,,1004.5419,,
T,2022-04-05 17:20:09.123,45.13639833,10.03354667,4,44.375,39.725,10.793,307,,,1004.5355,,
T,2022-04-05 17:20:10.109,45.13645833,10.03345000,4,45.474,39.726,11.019,307,,,1004.5407,,
T,2022-04-05 17:20:11.110,45.13652333,10.03334333,4,45.974,39.726,11.148,309,,,1004.5214,,
T,2022-04-05 17:20:12.124,45.13659000,10.03322667,5,46.074,39.726,11.194,309,,,1004.5012,,
T,2022-04-05 17:20:13.110,45.13668333,10.03311500,7,47.873,39.727,10.742,308,,,1004.4991,,
T,2022-04-05 17:20:14.110,45.13675000,10.03299667,7,47.473,39.727,10.680,309,,,1004.4977,,
T,2022-04-05 17:20:15.121,45.13681333,10.03289333,6,47.972,39.728,10.356,308,,,1004.4951,,
T,2022-04-05 17:20:16.110,45.13688833,10.03278667,7,47.672,39.728,9.672,308,,,1004.5077,,
T,2022-04-05 17:20:17.110,45.13693333,10.03269500,4,47.672,39.728,7.958,306,,,1004.5331,,
T,2022-04-05 17:20:18.124,45.13696833,10.03262167,4,48.072,39.728,6.091,307,,,1004.5504,,
T,2022-04-05 17:20:19.109,45.13699500,10.03256500,5,48.472,39.728,5.067,304,,,1004.5531,,
T,2022-04-05 17:20:20.110,45.13701500,10.03251333,4,49.071,39.729,3.894,306,,,1004.5432,,
T,2022-04-05 17:20:21.123,45.13702000,10.03247833,4,49.971,39.729,2.469,299,,,1004.5612,,
T,2022-04-05 17:20:22.110,45.13702000,10.03245667,5,50.171,39.729,1.332,280,,,1004.5697,,
T,2022-04-05 17:20:23.110,45.13701500,10.03244000,4,50.671,39.729,0.051,280,,,1004.5560,,
T,2022-04-05 17:20:24.122,45.13701000,10.03244000,4,51.471,39.729,0.026,280,,,1004.5438,,
T,2022-04-05 17:20:25.110,45.13700500,10.03244000,5,51.771,39.729,0.000,,,,1004.5300,,
T,2022-04-05 17:20:26.112,45.13700000,10.03243667,5,51.872,39.728,0.005,280,,,1004.5172,,
T,2022-04-05 17:20:27.122,45.13700000,10.03243667,5,51.972,39.728,0.000,,,,1004.5272,,
T,2022-04-05 17:20:28.110,45.13700000,10.03243500,5,52.072,39.728,0.005,280,,,1004.5247,,
T,2022-04-05 17:20:29.110,45.13700000,10.03243500,5,52.172,39.728,0.005,280,,,1004.5068,,
T,2022-04-05 17:20:30.122,45.13700000,10.03243500,5,52.172,39.728,0.005,280,,,1004.5106,,
T,2022-04-05 17:20:31.109,45.13700000,10.03243500,5,52.272,39.728,0.005,280,,,1004.5143,,
T,2022-04-05 17:20:32.110,45.13700000,10.03243500,5,52.272,39.728,0.000,,,,1004.5151,,
T,2022-04-05 17:20:33.123,45.13700000,10.03243333,5,52.272,39.728,0.005,280,,,1004.5245,,
T,2022-04-05 17:20:34.109,45.13700000,10.03243333,5,52.372,39.728,0.000,,,,1004.5175,,
T,2022-04-05 17:20:35.109,45.13700000,10.03243333,5,52.372,39.728,0.005,280,,,1004.5160,,
T,2022-04-05 17:20:36.122,45.13700000,10.03243333,5,52.472,39.728,0.005,280,,,1004.5441,,
T,2022-04-05 17:20:37.112,45.13700167,10.03243333,5,52.472,39.728,0.005,280,,,1004.5426,,
T,2022-04-05 17:20:38.109,45.13700167,10.03243333,5,52.472,39.728,0.005,280,,,1004.5305,,
T,2022-04-05 17:20:39.122,45.13700167,10.03243333,5,52.572,39.728,0.000,,,,1004.5267,,
T,2022-04-05 17:20:40.109,45.13700167,10.03243333,5,52.572,39.728,0.005,280,,,1004.5190,,
T,2022-04-05 17:20:41.109,45.13700167,10.03243333,5,52.572,39.728,0.000,,,,1004.5295,,
T,2022-04-05 17:20:42.123,45.13700167,10.03243333,5,52.572,39.728,0.005,280,,,1004.5367,,
T,2022-04-05 17:20:43.110,45.13700167,10.03243333,5,52.672,39.728,0.000,,,,1004.5324,,
T,2022-04-05 17:20:44.109,45.13700167,10.03243333,5,52.672,39.728,0.000,,,,1004.5154,,
T,2022-04-05 17:20:45.122,45.13700167,10.03243333,5,52.672,39.728,0.005,280,,,1004.5140,,
T,2022-04-05 17:20:46.110,45.13700167,10.03243333,5,52.672,39.728,0.005,280,,,1004.5277,,
T,2022-04-05 17:20:47.109,45.13700000,10.03243500,5,52.672,39.728,0.036,280,,,1004.5291,,
T,2022-04-05 17:20:48.121,45.13700000,10.03243500,5,52.672,39.728,0.031,280,,,1004.5246,,
T,2022-04-05 17:20:49.115,45.13700000,10.03243500,5,52.672,39.728,0.031,280,,,1004.5119,,
T,2022-04-05 17:20:50.109,45.13700000,10.03243500,5,52.672,39.728,0.010,280,,,1004.5023,,
T,2022-04-05 17:20:51.124,45.13700000,10.03243500,5,52.672,39.728,0.057,280,,,1004.5120,,
T,2022-04-05 17:20:52.109,45.13700000,10.03243500,5,52.672,39.728,0.057,280,,,1004.5258,,
T,2022-04-05 17:20:53.109,45.13700167,10.03243167,5,52.672,39.728,1.116,287,,,1004.5016,,
T,2022-04-05 17:20:54.122,45.13700833,10.03240500,5,52.771,39.729,3.133,298,,,1004.4691,,
T,2022-04-05 17:20:55.109,45.13703000,10.03236333,7,52.971,39.729,4.630,310,,,1004.4641,,
T,2022-04-05 17:20:56.109,45.13708167,10.03233500,5,51.671,39.729,5.150,304,,,1004.4720,,
T,2022-04-05 17:20:57.121,45.13712000,10.03228667,5,50.471,39.729,6.137,305,,,1004.4639,,
T,2022-04-05 17:20:58.111,45.13717333,10.03222667,5,49.471,39.729,7.228,308,,,1004.4680,,
T,2022-04-05 17:20:59.109,45.13722667,10.03216000,5,49.170,39.730,7.408,309,,,1004.4644,,
T,2022-04-05 17:21:00.107,45.13726500,10.03208833,5,48.470,39.730,7.542,309,,,1004.4489,,
T,2022-04-05 17:21:01.110,45.13731000,10.03201667,5,48.270,39.730,7.249,308,,,1004.4370,,
T,2022-04-05 17:21:02.110,45.13735333,10.03194833,5,48.270,39.730,6.713,308,,,1004.4287,,
T,2022-04-05 17:21:03.124,45.13739333,10.03188167,5,48.170,39.730,6.163,308,,,1004.4149,,
T,2022-04-05 17:21:04.109,45.13743333,10.03182167,5,47.869,39.731,6.081,307,,,1004.4075,,
T,2022-04-05 17:21:05.109,45.13747000,10.03176333,5,47.869,39.731,6.184,308,,,1004.4011,,
T,2022-04-05 17:21:06.127,45.13750667,10.03170333,5,47.469,39.731,6.132,309,,,1004.4274,,
T,2022-04-05 17:21:07.111,45.13753833,10.03164500,5,47.169,39.731,5.793,307,,,1004.4285,,
T,2022-04-05 17:21:08.110,45.13757000,10.03158500,5,47.169,39.731,6.235,309,,,1004.4103,,
T,2022-04-05 17:21:09.124,45.13760500,10.03152167,5,46.968,39.732,5.345,296,,,1004.4164,,
T,2022-04-05 17:21:10.110,45.13764333,10.03145833,5,46.668,39.732,6.909,311,,,1004.4159,,
T,2022-04-05 17:21:11.111,45.13769667,10.03138833,5,46.468,39.732,7.182,313,,,1004.4080,,
T,2022-04-05 17:21:12.122,45.13775500,10.03131667,7,46.168,39.732,8.308,313,,,1004.3881,,
T,2022-04-05 17:21:13.109,45.13781000,10.03122833,5,45.867,39.733,9.250,309,,,1004.3727,,
T,2022-04-05 17:21:14.109,45.13786500,10.03113333,5,45.567,39.733,9.826,307,,,1004.3542,,
T,2022-04-05 17:21:15.123,45.13792333,10.03102667,6,44.667,39.733,10.515,307,,,1004.3315,,
T,2022-04-05 17:21:16.109,45.13798167,10.03091500,5,44.267,39.733,10.932,307,,,1004.3176,,
T,2022-04-05 17:21:17.110,45.13804333,10.03080333,6,43.966,39.734,10.922,308,,,1004.3340,,
T,2022-04-05 17:21:18.123,45.13810833,10.03068500,5,43.466,39.734,11.097,310,,,1004.3541,,
T,2022-04-05 17:21:19.109,45.13817833,10.03056833,5,43.566,39.734,11.359,309,,,1004.3615,,
T,2022-04-05 17:21:20.109,45.13824167,10.03045167,5,43.365,39.735,11.524,309,,,1004.3635,,
T,2022-04-05 17:21:21.121,45.13831167,10.03033333,5,42.765,39.735,11.971,309,,,1004.3604,,
T,2022-04-05 17:21:22.111,45.13838167,10.03021167,6,42.765,39.735,12.233,308,,,1004.3475,,
T,2022-04-05 17:21:23.109,45.13845000,10.03008667,5,42.864,39.736,12.542,308,,,1004.3263,,
T,2022-04-05 17:21:24.121,45.13851833,10.02995833,6,42.664,39.736,12.727,307,,,1004.3306,,
T,2022-04-05 17:21:25.109,45.13858500,10.02982333,6,42.564,39.736,13.278,306,,,1004.3163,,
T,2022-04-05 17:21:26.109,45.13865667,10.02968000,5,42.363,39.737,14.219,306,,,1004.2797,,
T,2022-04-05 17:21:27.123,45.13873000,10.02952500,5,42.663,39.737,15.192,307,,,1004.2410,,
T,2022-04-05 17:21:28.110,45.13880500,10.02936333,5,43.063,39.737,15.943,306,,,1004.2391,,
T,2022-04-05 17:21:29.109,45.13889167,10.02920000,5,43.462,39.738,16.292,307,,,1004.2474,,
T,2022-04-05 17:21:30.122,45.13898167,10.02903500,5,43.062,39.738,16.323,308,,,1004.2471,,
T,2022-04-05 17:21:31.109,45.13906833,10.02887167,5,43.461,39.739,16.581,307,,,1004.2543,,
T,2022-04-05 17:21:32.109,45.13916667,10.02870167,6,42.961,39.739,16.647,308,,,1004.2515,,
T,2022-04-05 17:21:33.123,45.13925667,10.02853500,5,42.760,39.740,16.390,306,,,1004.2762,,
T,2022-04-05 17:21:34.110,45.13932000,10.02835667,5,44.460,39.740,16.046,305,,,1004.3110,,
T,2022-04-05 17:21:35.109,45.13939833,10.02818333,5,44.560,39.740,15.989,303,,,1004.3180,,
T,2022-04-05 17:21:36.122,45.13948500,10.02801833,5,44.659,39.741,16.154,303,,,1004.3119,,
T,2022-04-05 17:21:37.100,45.13955667,10.02785500,6,44.959,39.741,14.559,297,,,1004.3268,,
T,2022-04-05 17:21:38.109,45.13962167,10.02769167,6,44.459,39.741,13.803,299,,,1004.4076,,
T,2022-04-05 17:21:39.124,45.13967667,10.02754333,6,44.758,39.742,12.424,294,,,1004.4484,,
T,2022-04-05 17:21:40.108,45.13972167,10.02740167,6,44.958,39.742,12.069,295,,,1004.4515,,
T,2022-04-05 17:21:41.109,45.13977000,10.02727000,6,44.858,39.742,11.513,296,,,1004.4738,,
T,2022-04-05 17:21:42.127,45.13981500,10.02714000,6,44.858,39.742,11.380,295,,,1004.4777,,
T,2022-04-05 17:21:43.111,45.13986167,10.02700833,6,45.057,39.743,11.606,295,,,1004.4710,,
T,2022-04-05 17:21:44.108,45.13990667,10.02687667,6,45.057,39.743,11.755,294,,,1004.4760,,
T,2022-04-05 17:21:45.124,45.13995000,10.02674000,6,45.157,39.743,11.945,293,,,1004.4674,,
T,2022-04-05 17:21:46.109,45.13997167,10.02659833,6,45.257,39.743,12.619,295,,,1004.4329,,
T,2022-04-05 17:21:47.108,45.14002167,10.02645000,6,45.157,39.743,13.021,294,,,1004.4100,,
T,2022-04-05 17:21:48.125,45.14006833,10.02630000,5,45.356,39.744,13.499,294,,,1004.4260,,
T,2022-04-05 17:21:49.109,45.14012000,10.02614333,5,45.356,39.744,13.602,295,,,1004.4321,,
T,2022-04-05 17:21:50.109,45.14022500,10.02599333,6,45.356,39.744,13.725,296,,,1004.4191,,
T,2022-04-05 17:21:51.120,45.14026000,10.02584000,6,44.956,39.744,13.607,294,,,1004.4133,,
T,2022-04-05 17:21:52.111,45.14029500,10.02568167,6,44.255,39.745,13.761,294,,,1004.4236,,
T,2022-04-05 17:21:53.109,45.14033167,10.02552667,5,43.855,39.745,13.823,294,,,1004.4388,,
T,2022-04-05 17:21:54.122,45.14038500,10.02537167,5,43.655,39.745,13.849,294,,,1004.4388,,
T,2022-04-05 17:21:55.109,45.14043833,10.02521333,5,42.955,39.745,13.494,293,,,1004.4367,,
T,2022-04-05 17:21:56.113,45.14048333,10.02505667,5,42.355,39.745,13.195,293,,,1004.4457,,
T,2022-04-05 17:21:57.123,45.14053500,10.02490167,5,42.054,39.746,12.830,293,,,1004.4401,,
T,2022-04-05 17:21:58.108,45.14057667,10.02475500,7,41.454,39.746,12.480,294,,,1004.4457,,
T,2022-04-05 17:21:59.109,45.14061833,10.02460833,7,40.754,39.746,12.167,293,,,1004.4587,,
T,2022-04-05 17:22:00.111,45.14065500,10.02446333,7,40.654,39.746,11.776,291,,,1004.4523,,
T,2022-04-05 17:22:01.108,45.14068833,10.02432333,7,40.354,39.746,11.611,291,,,1004.4551,,
T,2022-04-05 17:22:02.109,45.14072333,10.02417667,5,40.553,39.747,11.199,291,,,1004.4767,,
T,2022-04-05 17:22:03.122,45.14075833,10.02404500,5,40.653,39.747,10.870,291,,,1004.4989,,
T,2022-04-05 17:22:04.111,45.14079167,10.02391500,5,40.153,39.747,10.772,292,,,1004.4963,,
T,2022-04-05 17:22:05.108,45.14083000,10.02378333,6,40.053,39.747,10.603,292,,,1004.4886,,
T,2022-04-05 17:22:06.121,45.14086333,10.02365500,6,40.353,39.747,11.097,289,,,1004.4761,,
T,2022-04-05 17:22:07.111,45.14089833,10.02351667,5,40.453,39.747,12.053,290,,,1004.4315,,
T,2022-04-05 17:22:08.110,45.14093667,10.02336833,5,40.652,39.748,13.031,291,,,1004.4188,,
T,2022-04-05 17:22:09.120,45.14098333,10.02320667,6,40.652,39.748,14.286,292,,,1004.3936,,
T,2022-04-05 17:22:10.108,45.14103333,10.02302500,6,40.252,39.748,15.402,291,,,1004.3521,,
T,2022-04-05 17:22:11.108,45.14109667,10.02283833,6,40.452,39.748,16.827,295,,,1004.3361,,
T,2022-04-05 17:22:12.121,45.14116667,10.02265000,6,40.751,39.749,16.740,296,,,1004.3359,,
T,2022-04-05 17:22:13.109,45.14122833,10.02246167,6,41.051,39.749,16.236,295,,,1004.3475,,
T,2022-04-05 17:22:14.108,45.14129000,10.02227500,6,41.551,39.749,15.557,295,,,1004.3887,,
T,2022-04-05 17:22:15.123,45.14135333,10.02210500,5,42.051,39.749,14.183,295,,,1004.4471,,
T,2022-04-05 17:22:16.109,45.14140500,10.02195167,5,42.150,39.750,12.609,298,,,1004.5233,,
T,2022-04-05 17:22:17.109,45.14144167,10.02181667,5,43.250,39.750,10.253,298,,,1004.5578,,
T,2022-04-05 17:22:18.120,45.14147667,10.02171667,5,43.750,39.750,8.514,300,,,1004.5836,,
T,2022-04-05 17:22:19.110,45.14150667,10.02163333,5,44.050,39.750,6.770,301,,,1004.6072,,
T,2022-04-05 17:22:20.108,45.14152833,10.02156833,5,44.650,39.750,4.995,302,,,1004.6443,,
T,2022-04-05 17:22:21.124,45.14153333,10.02152500,5,45.350,39.750,3.195,304,,,1004.6520,,
T,2022-04-05 17:22:22.109,45.14154667,10.02150000,5,45.450,39.750,2.212,313,,,1004.6393,,
T,2022-04-05 17:22:23.109,45.14154833,10.02149167,5,45.950,39.750,0.067,313,,,1004.6366,,
T,2022-04-05 17:22:24.125,45.14155333,10.02148833,5,45.850,39.750,0.036,313,,,1004.6283,,
T,2022-04-05 17:22:25.108,45.14155167,10.02149167,5,45.950,39.750,0.010,313,,,1004.6173,,
T,2022-04-05 17:22:26.108,45.14155167,10.02149500,5,46.250,39.750,0.005,313,,,1004.6007,,
T,2022-04-05 17:22:27.124,45.14155167,10.02149500,5,46.250,39.750,0.005,313,,,1004.6005,,
T,2022-04-05 17:22:28.108,45.14155167,10.02149500,5,46.350,39.750,0.005,313,,,1004.6157,,
T,2022-04-05 17:22:29.109,45.14155167,10.02149500,5,46.350,39.750,0.000,,,,1004.6115,,
T,2022-04-05 17:22:30.122,45.14155167,10.02149500,5,46.350,39.750,0.005,313,,,1004.5981,,
T,2022-04-05 17:22:31.108,45.14155167,10.02149500,5,46.450,39.750,0.005,313,,,1004.5990,,
T,2022-04-05 17:22:32.108,45.14155167,10.02149500,5,46.450,39.750,0.000,,,,1004.5990,,
T,2022-04-05 17:22:33.124,45.14155167,10.02149500,5,46.450,39.750,0.005,313,,,1004.5963,,
T,2022-04-05 17:22:34.108,45.14155167,10.02149500,5,46.550,39.750,0.005,313,,,1004.5996,,
T,2022-04-05 17:22:35.108,45.14155167,10.02149500,5,46.650,39.750,0.005,313,,,1004.6040,,
T,2022-04-05 17:22:36.120,45.14155167,10.02149500,5,46.650,39.750,0.005,313,,,1004.6051,,
T,2022-04-05 17:22:37.109,45.14155167,10.02149333,5,46.750,39.750,0.010,313,,,1004.5996,,
T,2022-04-05 17:22:38.108,45.14155167,10.02149333,5,46.850,39.750,0.005,313,,,1004.5990,,
T,2022-04-05 17:22:39.120,45.14155167,10.02149333,5,46.850,39.750,0.005,313,,,1004.5958,,
T,2022-04-05 17:22:40.108,45.14155167,10.02149167,5,46.950,39.750,0.010,313,,,1004.6110,,
T,2022-04-05 17:22:41.108,45.14155333,10.02149167,5,46.950,39.750,0.005,313,,,1004.6224,,
T,2022-04-05 17:22:42.120,45.14155333,10.02149000,5,47.050,39.750,0.005,313,,,1004.6217,,
T,2022-04-05 17:22:43.103,45.14155333,10.02149000,5,47.050,39.750,0.000,,,,1004.6223,,
T,2022-04-05 17:22:44.108,45.14155333,10.02149000,5,47.150,39.750,0.005,313,,,1004.6064,,
T,2022-04-05 17:22:45.121,45.14155333,10.02149000,5,47.150,39.750,0.015,313,,,1004.5887,,
T,2022-04-05 17:22:46.108,45.14155333,10.02148833,5,47.150,39.750,1.307,272,,,1004.5658,,
T,2022-04-05 17:22:47.108,45.14156333,10.02145333,5,47.450,39.750,3.009,276,,,1004.5583,,
T,2022-04-05 17:22:48.118,45.14157333,10.02140333,5,47.450,39.750,4.944,285,,,1004.5758,,
T,2022-04-05 17:22:49.109,45.14159000,10.02133667,5,47.749,39.751,6.744,287,,,1004.5544,,
T,2022-04-05 17:22:50.109,45.14158833,10.02124833,5,47.050,39.750,8.380,295,,,1004.5262,,
T,2022-04-05 17:22:51.120,45.14162167,10.02114500,5,47.349,39.751,9.198,295,,,1004.5225,,
T,2022-04-05 17:22:52.108,45.14165500,10.02103667,5,47.849,39.751,10.243,296,,,1004.5045,,
T,2022-04-05 17:22:53.108,45.14170500,10.02090667,5,48.249,39.751,11.122,295,,,1004.4805,,
T,2022-04-05 17:22:54.124,45.14174500,10.02077500,5,48.849,39.751,11.961,295,,,1004.4676,,
T,2022-04-05 17:22:55.107,45.14178667,10.02063333,5,49.449,39.751,12.506,292,,,1004.4461,,
T,2022-04-05 17:22:56.108,45.14182333,10.02047500,5,49.448,39.752,13.093,290,,,1004.4387,,
T,2022-04-05 17:22:57.125,45.14185500,10.02031667,6,50.048,39.752,12.979,287,,,1004.4502,,
T,2022-04-05 17:22:58.108,45.14188333,10.02015167,5,50.148,39.752,13.247,287,,,1004.4467,,
T,2022-04-05 17:22:59.107,45.14191167,10.01998333,6,50.048,39.752,13.355,284,,,1004.4313,,
T,2022-04-05 17:23:00.105,45.14193500,10.01981667,6,50.548,39.752,13.010,280,,,1004.4471,,
T,2022-04-05 17:23:01.107,45.14195000,10.01965167,6,50.648,39.752,12.630,279,,,1004.4523,,
T,2022-04-05 17:23:02.108,45.14196833,10.01949333,6,50.948,39.752,12.203,280,,,1004.4419,,
T,2022-04-05 17:23:03.130,45.14201333,10.01935500,5,49.348,39.752,11.734,279,,,1004.4620,,
T,2022-04-05 17:23:04.108,45.14203500,10.01921500,5,49.548,39.752,10.381,278,,,1004.4991,,
T,2022-04-05 17:23:05.108,45.14205333,10.01909500,6,49.848,39.752,8.576,278,,,1004.5598,,
T,2022-04-05 17:23:06.121,45.14206000,10.01900167,6,50.148,39.752,6.580,283,,,1004.5836,,
T,2022-04-05 17:23:07.107,45.14206333,10.01893333,6,50.248,39.752,4.764,276,,,1004.5830,,
T,2022-04-05 17:23:08.108,45.14206333,10.01888167,6,50.448,39.752,3.514,271,,,1004.5826,,
T,2022-04-05 17:23:09.123,45.14206333,10.01882667,6,50.848,39.752,5.011,273,,,1004.5451,,
T,2022-04-05 17:23:10.109,45.14206500,10.01875500,6,51.148,39.752,6.487,271,,,1004.5013,,
T,2022-04-05 17:23:11.108,45.14204833,10.01866500,7,51.048,39.752,7.886,274,,,1004.4637,,
T,2022-04-05 17:23:12.120,45.14204667,10.01855833,6,51.348,39.752,8.730,274,,,1004.4739,,
T,2022-04-05 17:23:13.107,45.14205167,10.01843500,6,51.548,39.752,9.774,275,,,1004.4840,,
T,2022-04-05 17:23:14.108,45.14205167,10.01830333,5,52.048,39.752,10.510,273,,,1004.4576,,
T,2022-04-05 17:23:15.120,45.14206167,10.01815833,5,51.648,39.752,11.323,274,,,1004.4430,,
T,2022-04-05 17:23:16.108,45.14206833,10.01800667,5,51.648,39.752,11.961,274,,,1004.4329,,
T,2022-04-05 17:23:17.108,45.14207667,10.01785833,5,51.648,39.752,12.542,275,,,1004.4283,,
T,2022-04-05 17:23:18.121,45.14209167,10.01769667,5,50.948,39.752,13.031,274,,,1004.4362,,
T,2022-04-05 17:23:19.107,45.14211167,10.01753167,5,50.248,39.752,13.262,275,,,1004.4232,,
T,2022-04-05 17:23:20.108,45.14212833,10.01736500,5,49.647,39.753,13.386,274,,,1004.3859,,
T,2022-04-05 17:23:21.107,45.14214500,10.01719667,5,48.847,39.753,13.628,273,,,1004.3864,,
T,2022-04-05 17:23:22.107,45.14215000,10.01702167,5,48.747,39.753,13.751,272,,,1004.3912,,
T,2022-04-05 17:23:23.108,45.14215500,10.01684500,6,48.847,39.753,13.839,272,,,1004.3857,,
T,2022-04-05 17:23:24.120,45.14215667,10.01667167,6,48.847,39.753,13.756,271,,,1004.4017,,
T,2022-04-05 17:23:25.107,45.14215667,10.01649000,6,49.147,39.753,13.803,271,,,1004.4064,,
T,2022-04-05 17:23:26.108,45.14215833,10.01631667,6,49.148,39.752,13.406,270,,,1004.4027,,
T,2022-04-05 17:23:27.121,45.14215333,10.01616000,6,49.448,39.752,13.015,270,,,1004.4105,,
T,2022-04-05 17:23:28.107,45.14215500,10.01599833,6,49.948,39.752,12.640,274,,,1004.4430,,
T,2022-04-05 17:23:29.107,45.14217167,10.01584167,6,50.348,39.752,11.966,276,,,1004.4717,,
T,2022-04-05 17:23:30.122,45.14218667,10.01569333,6,51.047,39.753,11.338,281,,,1004.4487,,
T,2022-04-05 17:23:31.107,45.14221333,10.01555833,5,51.947,39.753,10.603,284,,,1004.4426,,
T,2022-04-05 17:23:32.108,45.14223500,10.01543500,5,52.147,39.753,9.702,286,,,1004.4664,,
T,2022-04-05 17:23:33.120,45.14225667,10.01532333,5,52.347,39.753,8.648,294,,,1004.4764,,
T,2022-04-05 17:23:34.107,45.14230167,10.01523667,5,52.647,39.753,8.072,311,,,1004.4779,,
T,2022-04-05 17:23:35.107,45.14235333,10.01518333,5,52.947,39.753,7.645,328,,,1004.4953,,
T,2022-04-05 17:23:36.124,45.14243000,10.01514500,6,52.546,39.754,8.977,339,,,1004.4825,,
T,2022-04-05 17:23:37.107,45.14250333,10.01510667,6,52.146,39.754,9.178,338,,,1004.4835,,
T,2022-04-05 17:23:38.112,45.14258333,10.01505833,7,51.846,39.754,9.209,332,,,1004.4914,,
